1,2,3
狱中惊魂,"明朝末年，太监专权，朝纲混乱，朝廷专设阴司，监禁死囚,无数冤魂自此走上黄泉。狱吏长严天执掌阴司，与一众生死兄弟一同看管死囚，相安无事。一日，朝廷的重装铁皮囚车押来一个疯癫囚犯，自此以后，阴司之中冤魂骚动，恶灵毕现，诡异之事接连发生，阴司笼罩着血光之祸。严天惊觉事有蹊跷，决定以身试险，试图透过这个疯癫囚犯揭开尘封在阴司之中的惊天秘密。","惊悚,悬疑"
奇异博士,影片讲述了神经外科医生斯特兰奇因一次车祸失去了双手工作的能力，最终在法师帮助下拥有了超凡的能力，并对抗黑暗力量的故事。出色的外科手术专家史蒂芬·斯特兰奇（本尼迪克特·康伯巴奇 饰）本来事业有成，但在遭遇一次车祸悲剧后，双手再也无法握住手术刀，不能继续他的医生职业，为治疗手伤远赴尼泊尔的他在机缘巧合下遇到了莫度男爵（切瓦特·埃加福特 饰），在莫度男爵推动下他得到了至尊魔法师（蒂尔达·斯文顿 饰）的帮助。斯特兰奇把自己曾经的自负都抛在了一边，开始接触和学习鲜为人知的玄学、以及多维空间世界的学问。在纽约的格林威治村，变身奇异博士的斯特兰奇，化身为现实世界和多维空间的中间人，他利用超自然能力和神器来保护世界不被魔法和神秘力量侵袭。,"动作,冒险,奇幻"
捉迷藏,家伟（霍建华 饰）一家人住在一栋高级公寓中，事业有成的他，生活幸福安逸。一天，他听闻自己的哥哥失踪数月，下落不明。心怀隐秘的他来到哥哥所在的公寓，发现那里随处都被标记了意义不明的符号，之后在自己家门口也发现了相同的符号，危险慢慢向他一家逼近，有着洁癖的他精神几近崩溃……,"惊悚,悬疑,犯罪"
蜡笔小新:梦境世界大突击,不知从何时起，春日部市的居民们突然进入了一个神秘的“梦之世界”。在那个梦的国度里，他们可以随心所欲做渴望已久的美梦。比如风间彻（真柴摩利 配音）变成了政治家，樱田妮妮（林玉绪 配音）化身为万众瞩目的偶像，佐藤正男（一龙斋贞友 配音）拥有了心仪的漫画书，阿呆（佐藤智惠 配音）则变成了石头。而我们的野原新之助同学（矢岛晶子 配音）呢……不出意料，果然想方设法在做一些下流低级的梦。梦，是让人心动和魅惑的世界。从那一天起，市民们乘坐每个人都拥有的梦之珠自由翱翔，在极乐的梦想中流连忘返，夜夜笙歌。没过几天，名叫贯庭玉咲（川田妙子 配音）的女孩随父母（安田显 & 吉濑美智子 配音）搬到了春日部市，并转学来到新之助的班级。不知为什么，就从咲来的那天开始，市民们的美梦渐渐被噩梦所代替。梦境中，他们或者变老、或者爱情遭到背叛、或者受人欺凌。人们一个接一个从梦境中惊醒，而且遭受噩梦侵扰的人越来越多。各位可怕的是，市民们的现实生活也受到严重影响。可怕的危机袭来，春日部防卫队的各位只有携手击败这一切背后的阴谋者！,"剧情,喜剧,动画"
一句顶一万句,影片改编自刘震云获茅盾文学奖同名作，讲述了修鞋工牛爱国（毛孩 饰）在怀疑老婆庞丽娜（李倩 饰）劈腿后，开始跟踪求证，并深陷一场关于“抽刀杀人”、“借刀杀人”与“放下刀刃”的内心之争的故事。,
笑林足球,胜利足球俱乐部濒临破产，老板女儿小丽（周奇奇 饰）和队长森（信 饰）支撑着俱乐部。商业奇才恒（陈浩民 饰）的加入让众球员成为广告明星。胜利队财政好转，却陷入另一个更深的困境。最终，胜利队众球员为了梦想共同努力，在赛季末终得一胜。,
夺路而逃,电影《夺路而逃》讲述了不学无术醉生梦死的富二代周晓易（张一山 饰）在父亲去世以后经历了一场“超级宿醉”。醒来之后，发现自己与好友（何云伟 饰）开启了一段如梦非梦的离奇经历。在这段旅途中，他遇到了诸如三川国公主，流民（李菁 饰）等各式各样的人物，同时，懵懂中的他也被一双看不见的幕后之手推动着，在漩涡中他不断变换着不同的身份，经历了各种奇遇。而在这样的经历中，他也慢慢成长，赢得了众人的尊重，也终于理解了承担与责任的意义，同时，甜美的爱情在向他挥手......,"喜剧,动作,古装"
建党伟业,1911年10月10日，武昌起义掀开了中国历史新的篇章。在此之后，孙中山（马少骅 饰）回国，就任中华民国临时大总统，次年建立中华民国临时政府。然而封建王朝的没落，共和的表象下中华民族的磨难仍在继续。袁世凯（周润发 饰）篡得大总统之位，更与日本秘密签订二十一条，意在复辟帝制。在举国上下的声讨中，复辟闹剧黯然落幕，军阀混战又带来新的战火与伤痛。国难当头，爱国志士与热血青年无不痛彻心扉，义愤填膺。有的人一心效法西方先进的理念与制度，有的人尊古复礼、修缮己身。陈独秀（冯远征 饰）、李大钊（张嘉译 饰）、毛泽东（刘烨 饰）等则在十月革命的胜利中看到中华民族新的希望。这部影片讲述的，正是中国共产党诞生前夜的故事……,"剧情,历史"
外公芳龄38,生活的意外之喜，不是点外卖买一送一，而是“喜当爹”收获女儿一个，还附赠送外孙一枚。一个骚动的夜晚，黄金单身汉，38岁的电台明星主播何志武（佟大为 饰）打开家门，准备迎接女友“临幸”——然而门外站着的却是一对陌生母子，来自“胡建”的20岁未婚妈妈唐慧茹（陈妍希 饰）带着5岁的儿子唐家栋（吕云骢 饰）千里认亲上门造访，一口咬定他就是自己从未谋面的爸爸，从天而降的女儿和小萌孙打破了正值“芳龄”的何志武原本光鲜平静的生活，如遭雷劈的他一天之内先是升级做父亲，继而连升两级变身“最年轻外公”。奇葩三代同处一个屋檐下上演一幕幕父女掐架、祖孙斗法的爆笑拉锯战。在经历了各种爆笑囧事，擦出了无数火花之后，三人“同居”渐入佳境，未曾想母子俩的身份却令何志武的事业危机突然转向了始料未及的境地……,"剧情,喜剧,家庭"
勇士之门,废柴男孩机缘巧合地开启了异世界的大门，卷入了一场惊心动魄的种族斗争：武士（赵又廷 饰）和公主（倪妮 饰）与蛮人军队斗智斗勇，不仅如此，两位身负国家和种族命运的勇士还要面对凶悍的蛮人和伺机夺命的巨人、树妖等精怪。一次次险象环生的经历，他们一直在等待传说中的黑骑士到来……,
盛先生的花儿,被丈夫抛弃后的棉花（颜丙燕 饰）本以为找到了真爱，感情升温之际不料正房归来，经朋友介绍去照顾患有老年痴呆的盛先生（王德顺 饰），当偏见、误会、争吵都归于平静，棉花意外怀孕，引来老头女儿盛琴（艾丽娅 饰）的怀疑。一个受到几经伤害却意外怀孕的保姆，一个患老年痴呆念念不忘前妻的孤独老人，一个被丈夫冷落、被儿子指责、被父亲遗忘的女儿，三人将产生怎样剪不断理还乱的纠葛……,
非常父子档,影片讲述了一个因捐精生子引发的喜剧爱情故事。单亲家庭的天才少年顾泰丰（文梅森 饰）从小天赋异禀，他通过电脑侵入医院的资料库破解了自己身世之谜，飘洋过海来到中国找寻亲生爸爸。岂料完全没有做好当爸爸准备的大男孩周力岩（李治廷 饰）压根不承认年少时做过的捐精荒唐事，意外得子让他相当崩溃，恨不得马上甩掉这个显然已缠上自己的拖油瓶顾泰丰。父子二人在你追我赶中上演了一幕幕啼笑皆非的“乌龙”事件，两人感情日渐加深，而从韩国慌乱赶来寻找儿子泰丰的妈妈美艳（金荷娜 饰）的到来，也令周力岩的生活发生了变化，因捐精生子而发生关系的两个不同国度的青年男女，在嬉笑怒骂的相处中互生情愫……,
恐怖笔记,故事讲述了小报记者兼业余网络悬疑故事作家追查十年前发生在“谜镇”的几件知名鬼事的真相，根据匿名电话来到了所有传闻最早开始的地方，而10年过去后，这个地方因为闹鬼已经成了没人居住的烂尾楼。随着真相的慢慢揭开，他自己似乎也陷入了危险之中……,
隔离岛,在一座与世隔绝的孤岛上，曾经隔离着上百名麻风病患者，三十年前的一场大火，将这里的麻风病院化为灰烬，大火本身已渐成传说。三十年后，警校学生殷浩（张一山 饰）为在自己的女朋友，电影编导系学生小暖（丁丁 饰）面前显示自己男人的一面，带着她登上了隔离岛，拍摄纪录片，探寻大火真相。已经被人遗忘的隔离岛突然风浪骤起，死火复燃，殷浩和小暖“致命真相”的旅程由此开启......,"冒险,爱情,犯罪"
贫穷富爸爸,故事讲述了富豪李兵（郑嘉颖 饰）在妻子（刘心悠 饰）死后拼命赚钱富养儿子（小小彬 饰），可是日渐娇纵的儿子让李兵意识到自己的错误，故而假装破产，带着儿子开启了一段啼笑皆非的香港之旅。香港之旅刚刚开始父子二人就矛盾重重，鬼马儿子（小小彬 饰）与糟糕爸爸（郑嘉颖 饰）偶遇了一支“奇葩”旅行团，“持枪大闹香港金店”的鬼马儿子彻底惹怒了糟糕爸爸，也正是这次事件使爸爸深刻认识到与儿子之间的问题。暗藏旅行团中的记者心儿（李呈媛 饰）的出现另父子俩的关系发生着微妙的变化，然而就在香港之旅即将圆满结束之际，富豪爸爸李兵的身份被泄露了……,
不离不弃,中了一亿彩票的陶彦达（袁成杰 饰）在婚期临近的情况下突然逃婚。陶彦达的未婚妻叶小眉（江若琳 饰）源于对爱的执着相信陶彦达的消失肯定是有一个为了他们爱情更好的理由，而且陶彦达一定会准时参加他们的婚礼，但叶小眉却不知这消失竟是一场惊天阴谋。幕后黑手派出原是快递员的余天鸿（曹云金 饰）跟踪陶彦达，一路上山下海，想各种方法陷害陶彦达。然而造化弄人，余天鸿原本是为了赚大钱而接的任务却把自己的多年积蓄赔光，还威胁到自己的生命。这一路爆笑的离奇之旅让陶彦达和余天鸿成为了欢喜冤家，而叶小眉与陶彦达的隔空默契也让我们看到了爱人之间的不离不弃。,"剧情,喜剧,爱情"
我不是潘金莲,影片讲述一个普通的农村妇女李雪莲（范冰冰 饰），为了纠正一句话，与上上下下、方方面面打了十年交道。打交道的过程中，她没想到一件事变成了另一件事，接着变成了第三件事。十年过去，她没有把这句话纠正过来，但她饱尝了世间的人情冷暖，悟明白了另外一个道理。李雪莲要纠正的这句话是她前夫说的。她前夫说：“你是李雪莲吗？我咋觉得你是潘金莲呢？”李雪莲要告诉大家的是：我不是潘金莲。,"剧情,喜剧"
诡咒,影片讲述了一个女性心理悬疑的惊悚故事。花心渣男高伟在生病的幻觉中发现一本诅咒自己的小说——《诡咒》，而作者正是自己的前女友白雪。白雪是个脑洞奇大的女人，因为接受不了高伟与自己的闺蜜萧敏劈腿而心生怨念，于是将天下所有女人对渣男的恨汇聚成了这本诅咒之书。蒙在鼓里的高伟为找寻作者时，发现小说也正在反噬白雪，惊悚的事情一一发生，原因却另有其他。,"恐怖,惊悚,悬疑"
航海王之黄金城,《海贼王》剧场版。讲述的是，路飞及其同伴在航海的过程中来到世界最大的娱乐城市，这里堪称就连世界政府也无法干涉的“绝对圣域”，而其统治者——则是拥有无上支配力的“黄金帝”吉尔德·泰佐洛！吉尔德将动用其金钱之力，让世界的格局发生改变……,"动画,动作,冒险"
被劫持的爱情,一对日久生厌正在办理离婚手续的年轻夫妻，突然遇上一老一少两个窃贼前来行窃，转眼间行窃意外演变为无法控制的绑架，同时引出一个真假难辨的妖艳小三。这完全不搭调的5个人，由于时空错置造成一系列令人啼笑皆非、欲休还闹的奇特情景，冤家、人质和绑匪也因此逐渐原形毕露……,"喜剧,爱情,动作"
辣警霸王花,六名警校女菜鸟在一场淘汰赛测试中因事态超出控制拒绝服从命令而失去了进入精英团队的资格，在她们心灰意冷离开警校时，一位神秘长官突然出现，通知她们正式成为“霸王花”团队——二十五年前因任务失败而惨遭解散的组织，目前正在寻求新鲜力量重振雄风。交给她们的第一个任务就是抓住臭名昭著外号“总统”的恐怖分子，此人也是导致“霸王花”组织25年前解散的罪魁祸首。他掳走韩国的细菌专家，研究出一个透过人体高效传播的新型病毒。看似危险重重可急切想成为真正警察的六名姑娘还是毫不犹豫的接受了这一场不知生死的任务……,"喜剧,动作"
脱单宝典,在一个不入流的时尚杂志社，杂志销量锐减，公司面临被收购的风险。资（diao）深（si）设计责编晓新和策划波波提出改善建议，没想到却被新来的项目策划辰天桥全盘推翻。更可气的是辰天桥竟然成功勾搭两人的女神广告总监资姐。于是两人展开除奸行动，策划三流模特小甜甜与不知名演员学生妹勾搭辰天桥，然而行动却屡屡露馅，不得已两人开启了自己的犯贱之旅.......,"喜剧,爱情"
比利·林恩的中场战事,根据本·芳汀同名小说改编，讲述一位年轻士兵在伊拉克战争中与战友凯旋归来并被誉为美国英雄，借由一场感恩节橄榄球公开赛的中场表演，揭露这群士兵在战场上真实经历的故事。19岁的德州士兵比利·林恩（乔·阿尔文 饰），他在加入美军步兵部队后，被派往伊拉克战场，与其他七名的突击小队成员，在伊拉克与当地反对武装进行了3分43秒的激战，他和战友们在一次交火中大难不死、逃过一劫。机缘巧合成为伊拉克战争中的国家英雄，被邀请至感恩节全美橄榄球比赛的中场休息时亮相。而在此期间的一连串遭遇则使他逐步意识到关于战争的实质与国家的真相......,"剧情,战争,历史"
邻家大贱谍,影片讲述了一对正面临着婚姻乏味期的夫妻无意间卷入了一场惊心动魄的危机，而不得不化身临时特工与间谍邻居联手对敌的故事。MBI公司人力部门员工杰夫（扎克·加利费安纳基斯 饰）与妻子凯伦（艾拉·菲舍尔 饰）在城郊过着平淡无奇索然无味的生活。某一天，一对颜值超高、身材超辣、时尚感爆棚的夫妻蒂姆（乔·哈姆 饰）与娜塔莉（盖尔·加朵 饰）新搬到了他们对面，这让暗暗称羡的他们感到不安。通过一系列摸底调查，他们发现蒂姆夫妇竟然实际上是秘密特工，且接近杰夫还另有所图。杰夫和凯伦这对普通的夫妻也随之卷入了一场惊心动魄的危机中，为化解这场危机，他们不得不化身“临时特工”与蒂姆夫妇联手对敌，踏上了一场惊险刺激又笑料百出的动作之旅。,"剧情,喜剧,动作"
聊斋新编之画皮新娘,《聊斋新编之画皮新娘》是忠实原著的一次改编，将真实再现《聊斋志异》中百鬼夜行，千妖祸乱的鬼魅世界，为观众呈现一部“东方魔幻惊悚风”的恐怖电影。,"爱情,惊悚,悬疑"
减法人生,闫丹失业失恋，遇见蛋糕店老板关晓康伸出援手收留了她。关晓康和音乐才子老马一起惨淡经营的这家蛋糕店如果不能按时交上房租也将被迫关门。房东突然涨价让他们原本就紧迫的房租压力变得更大。三个人努力争取扛过这个艰难时刻，生意似乎渐渐起色。关晓康终于凑齐了房租，房东却宣布这个房子要租给更知名的大品牌，蛋糕店被迫关门。三个人不得不硬着头皮又一次开始新的生活，而这时候的闫丹在困难面前渐渐的学会了面对。闫丹为自己争取到了新工作的机会，决定为自己争取爱情，主动约关晓康生日见面。却因为关晓康手机被偷使闫丹误会。闫丹跟自己爱情告别的方式是选择跑一场马拉松。 经过一次次的咬牙坚持，闫丹明白了:”在困难面前，你可以选择放弃，也可以选择面对和挑战自己。”跑完人生的第一个半程马拉松之后的闫丹对自己说：我不怕输了。,"剧情,喜剧,爱情"
捉迷藏之生人勿近,影片讲述了女大学生苏菲刚大学毕业未婚先孕，男友却不敢承担责任，于是她就赌气来到一个郊区别墅打临时工，照顾小男孩辉辉。辉辉父母出远门了，留他一个人在家。辉辉性格孤僻，很喜欢玩捉迷藏。苏菲就和辉辉一起玩捉迷藏游戏来交流，慢慢地，苏菲发现，参加这个游戏的，不仅仅是他们两个人……,惊悚
生死96小时,某部红军侦察连长赵勇率24名红军分队，为红军大部队绕过贵阳，过夷地，向安顺挺进开辟道路。红军小分队按预定路线穿插，路遇山匪。一路上，拔掉游龙经营的据点，进入云鹜山中，破埋伏，突袭龙宫庵，抓获女特派员，而女特派员竟然是赵勇苦苦寻找10多年的云姑……赵勇等红军战士经过96小时生死相拼，终于杀出一条血路，准时到达指定地点，迎接大部队的到来……,剧情
最后证言,一名男孩突然被人拐走丢失，警方接到报警后火速出击，根据一封举报信的线索，循线追查，很快将丢失的男孩找回。但是拐卖孩子的犯罪嫌疑人却没有落网。刑警队长徐昊带领侦查员深入调查走访，顺着蛛丝马迹层层剥丝抽茧，一个隐藏很深的重大犯罪线索渐渐浮出水面……,剧情
我是处女座,这是一个女孩寻求真爱的故事，这是一个在生活观念改变了的环境里，一个女孩找寻自我的故事。这是一个处女通过寻求人生出口的奇遇故事。幸运的是在经历一番人生救赎中她最终找到了自己。,爱情
阿拉丁与神灯,青年阿拉丁（凯文·亚当斯 饰）在一次偶然事件中得到一把神灯，触摸这把神灯就会出现一位神仙来满足他的愿望，穷小伙阿拉丁爱上了王国的公主，但邪恶的魔法师百般阻挠······,"喜剧,爱情"
非常绑架,何家成和强子是两个在北京打工的北漂，二人为了改变命运，追求理想煞费苦心，何家成无意间看到了一则理财的广告单，被安之财富公司老板董天的富有煽动的演讲打动，决定和强子到安之财富公司做理财产品，没想到本金被骗。二人来到董天家绑架董天女友要挟要钱，一场撕逼闹剧就此上演。,剧情
情比山高,本片是一部关于滇缅公路题材的影片。年轻的筑路员王俊荣（王柏杰 饰）来到云南大山里两个古老的山寨，动员当地民众欲修筑一条云南通往外部世界的公路“滇缅公路”。在那里他爱上了当地一个思想先进而又具有冒险精神的佤族少女李鹭（刘小小 饰），并在其帮助之下动员当地原住民共同参与进来，简单的心愿、坚定的信念让他们共同创造了一个震惊世界的奇迹。,"剧情,战争"
兄弟之北漂歌手,讲述了60至90年代四代音乐人追梦的故事。酒吧驻唱歌手兰佳佳和四个不同年代的男人在音乐的指引下聚到了一起，他们共同经历了兄弟酒吧的兴衰沉浮和人生的悲欢离合后，最终解开了心结并且帮助死去的阿布完成了音乐梦想。,"剧情,爱情"
红颜容,讲述了一个聪明且智慧的女人如何通过炒作来推销东西的故事。白冰（梁嘉玲 饰）天生的炒作高手，将一瓶中文名为“红颜容”的红酒炒到了500万元，无数商业巨贾蜂拥而至。但只有白冰知道，这瓶红酒是法国人为了营销炒作出来的。事情是否会峰回路转？炒作高手白冰最后的底牌是什么？,
我不是潘金莲,影片讲述一个普通的农村妇女李雪莲（范冰冰 饰），为了纠正一句话，与上上下下、方方面面打了十年交道。打交道的过程中，她没想到一件事变成了另一件事，接着变成了第三件事。十年过去，她没有把这句话纠正过来，但她饱尝了世间的人情冷暖，悟明白了另外一个道理。李雪莲要纠正的这句话是她前夫说的。她前夫说：“你是李雪莲吗？我咋觉得你是潘金莲呢？”李雪莲要告诉大家的是：我不是潘金莲。,
勇士之门,废柴男孩机缘巧合地开启了异世界的大门，卷入了一场惊心动魄的种族斗争：武士（赵又廷 饰）和公主（倪妮 饰）与蛮人军队斗智斗勇，不仅如此，两位身负国家和种族命运的勇士还要面对凶悍的蛮人和伺机夺命的巨人、树妖等精怪。一次次险象环生的经历，他们一直在等待传说中的黑骑士到来……,
深海浩劫,本片改编自真实事件，讲述一队石油工人在面临有史以来最严重的人为灾难时，以无上的勇气和坚定的意志，与灾难搏斗奋力自救的故事。离岸40英里以外，广阔的墨西哥湾洋面上矗立着世界顶尖的海上钻井平台“深水地平线”。平台副经理麦克·威廉姆斯（马克·沃尔伯格 饰）带领自己的团队即将完成一次破纪录深度的钻井作业。不料突发井压不稳和压冲导致紧急安全系统失灵，随即引发连环爆炸，深海原油冲破井盖喷涌出来，形成数十米高的油柱，冲天大火随之而来。数百万吨原油倾泻而出，整个钻井平台及附近的海平面都被遮天浓烟和熊熊大火包围，变成人间炼狱，126名钻井工人被困其中。因火势太大，海上救援队伍无法靠近。麦克带领几名勇敢的同伴，展开自救行动。他们搜救伤者、安排撤离，坚守到最后一刻。钻井平台即将沉没，麦克和他的同伴必须在水深火热之中逃出生天。,
阿拉丁与神灯,穷小伙阿拉丁（凯文·亚当斯 饰），因惹怒了大臣维齐尔被流放沙漠，受一名魔法师相救被邀请坐飞毯前往取一只神奇的油灯，触摸这把神灯出现一位精灵来满足他的愿望。穷小伙阿拉丁爱上了王国的公主（凡妮莎·吉德 饰），但邪恶的维齐尔和魔法师百般阻挠……,
我是处女座,这是一个女孩寻求真爱的故事，这是一个在生活观念改变了的环境里，一个女孩找寻自我的故事。这是一个处女通过寻求人生出口的奇遇故事。幸运的是在经历一番人生救赎中她最终找到了自己。,
辣警霸王花,六名警校女菜鸟在一场淘汰赛测试中因事态超出控制拒绝服从命令而失去了进入精英团队的资格，在她们心灰意冷离开警校时，一位神秘长官突然出现，通知她们正式成为“霸王花”团队——二十五年前因任务失败而惨遭解散的组织，目前正在寻求新鲜力量重振雄风。交给她们的第一个任务就是抓住臭名昭著外号“总统”的恐怖分子，此人也是导致“霸王花”组织25年前解散的罪魁祸首。他掳走韩国的细菌专家，研究出一个透过人体高效传播的新型病毒。看似危险重重可急切想成为真正警察的六名姑娘还是毫不犹豫的接受了这一场不知生死的任务……,
隔离岛,在一座与世隔绝的孤岛上，曾经隔离着上百名麻风病患者，三十年前的一场大火，将这里的麻风病院化为灰烬，大火本身已渐成传说。三十年后，警校学生殷浩（张一山 饰）为在自己的女朋友，电影编导系学生小暖（丁丁 饰）面前显示自己男人的一面，带着她登上了隔离岛，拍摄纪录片，探寻大火真相。已经被人遗忘的隔离岛突然风浪骤起，死火复燃，殷浩和小暖“致命真相”的旅程由此开启......,
冲天火,宗天保（吴彦祖 饰）任职护卫员的科学园大火，他舍身救了女研究员高玉（张静初 饰）。但研究所潘教授在大火中不幸辞世，潘教授的手写笔记在大火中消失。大火引发了灰尘风暴，令整个香港被雾霾卷盖。财阀王耀才投资的“天空一号”，让富人得以远离污染，而己故潘教授的助理唐永章（樊光耀 饰）变成他的合作伙伴，唐的发妻高玉继续在天空一号上钻研“超能干细胞”的“再生学”工作，完成潘教授的遗愿。从台湾来的家家（张孝全 饰）带着癌症末期的妹妹小珍（郭采洁 饰）来香港求医，怎料两兄妹因此卷入一场“超能力干细胞”的劫案中，而偷走这新科研血清的主脑，竟是已故潘教授的独生子潘子文（张若昀 饰），在争夺血清的过程中，子文逐渐发现了令父亲潘教授死亡的真正凶手……,"动作,悬疑"
白云桥,事起源于浙江余姚有1300多年历史的著名古建筑白云桥，此桥经常出现一半晴空一半云雾的灵异现象，相传是连接阴阳两界的桥梁，人在桥上可与鬼魂进行交流。孟妍（钟萱 饰）于午夜子时，在白云桥上遇见了一个小男孩（李卓霖 饰），小男孩引领她进入了另一个空间——“中阴界”。小男孩告诉孟妍一个惊天的秘密， 事关她与张青（温兆伦 饰）的夫妻关系和性命安危。孟妍将信将疑又陷入痛苦和焦虑，小男孩的预言一一应验，孟妍陷入崩溃的边缘，唯有到那阴森神秘的白云桥去寻找答案……,"恐怖,惊悚,悬疑"
神奇动物在哪里,影片讲述了神奇动物学家纽特·斯卡曼德因在纽约城发生的一次意外而不得不去寻找从魔法箱里脱逃的珍奇异兽而展开的冒险旅程。1926年，纽约城魔法世界风起云涌。多个神秘物体在城中大肆破坏，令魔法界陷入了被誓要铲除魔法师的激进灭魔组织“第二塞勒姆”发现的危机之中。而史上最危险的黑巫师盖勒特·格林德沃在欧洲造成灾难毁灭性的破坏后，失去踪影。刚完成环球游历之旅且身怀绝技的神奇动物学家纽特·斯卡曼德（埃迪·雷德梅恩 饰）并未察觉到危机，抵达了他原本只想短暂停留驻足的纽约城。他在旅途中研究并拯救珍奇魔法动物，有一部分更被收集进了他那个看似普通无奇却暗藏玄机，并作为全球珍稀和濒危神奇动物的保护栖息地的魔法手提皮箱。对魔法一无所知的灭魔组织成员雅各布（丹·福勒 饰）意外将斯卡曼德藏在皮箱的奇兽释放到气氛紧张的纽约城中，严重违反了国际巫师联合会保密法。前正气师蒂娜（凯瑟琳·沃特森 饰）插手事件，意图恢复职位。可是事情的进展并不顺利，美国魔法政府机构美利坚魔法国会高深莫测的魔法安全部部长格雷夫斯（柯林·法瑞尔 饰）更将矛头指向斯卡曼德和蒂娜。现在身处同一阵线的斯卡曼德和蒂娜，与蒂娜的妹妹一名法术高超的摄念师奎妮（艾莉森·苏朵儿 饰）及灭魔组织成员雅各布携手，在那些走失的奇兽作恶前找回它们。但事件远比他们想像中更加凶险，被卷入黑暗力量的他们，将魔法世界和灭魔组织引向了开战边......,"冒险,奇幻,家庭"
少年梦,杨帅大学毕业后回到老家发展创业，带动父老乡亲发展创业，实现乡亲们的梦想，实现发展梦、创业梦、中国梦。,剧情
最萌身高差,生活在二次元世界、身高156厘米的夏汐泠（王水林 饰）在遇到身高196厘米的三次元男生张潇（高以翔 饰）后，就一直祸事不断。无意中二人还因为“最萌身高差”大闹校园，夏汐泠认定张潇是渣男，但张潇却对她颇有兴趣，当他试图走近夏汐泠的内心时，却发现里面有一个不可碰触的禁区，为了走进这个禁区，张潇为夏汐泠创造了一个2.5次元的世界……,"喜剧,爱情"
怨灵地下室,民国年间，国家动荡，民生不安，在中国东北某地有一间地下福利院，专门收养鳏寡孤独废疾者。一天夜里，邓家夫人突发癔病，江湖游医刘少彦（倪新宇 饰）等四人来到邓家为其夫人医病，不料邓夫人却离奇死亡，刘少彦四人被官兵带走，为了证明清白与赎回兄弟，刘少彦带人乔装打扮前往邓夫人临死前呓语说到的福利院找寻线索，不料却发现名义上的福利院实则暗藏了很多秘密，阴森诡异的地下室、警觉的护士、神秘的院长、午夜疯吼的女子，一系列难以解释的灵异事件开始接连发生，而邓夫人的死亡真相与福利院的关系也逐渐浮出水面。,"恐怖,惊悚,悬疑"
夜闯寡妇村,京城某医学院即将毕业的叶小妍（郭艳 饰）、陈亦凡（沈昌龙 饰）等六名大学生准备去某风景区旅行。山路崎岖，天黑雾大，车竟然闯进了山中禁地。发动机失灵，几人只得徒步前进。叶小妍一行人惊奇的发现这里只有女人而无男人，而村民们躲躲闪闪的语气和冷漠的拒绝更是令人匪夷所思。这个远近闻名的“寡妇村”到底隐藏着什么秘密，旅游者是重见天日还是永久的掩埋于村中，谁才是幕后真正的凶手呢？,购票
神奇动物在哪里,影片讲述了神奇动物学家纽特·斯卡曼德因在纽约城发生的一次意外而不得不去寻找从魔法箱里脱逃的珍奇异兽而展开的冒险旅程。1926年，纽约城魔法世界风起云涌。多个神秘物体在城中大肆破坏，令魔法界陷入了被誓要铲除魔法师的激进灭魔组织“第二塞勒姆”发现的危机之中。而史上最危险的黑巫师盖勒特·格林德沃在欧洲造成灾难毁灭性的破坏后，失去踪影。刚完成环球游历之旅且身怀绝技的神奇动物学家纽特·斯卡曼德（埃迪·雷德梅恩 饰）并未察觉到危机，抵达了他原本只想短暂停留驻足的纽约城。他在旅途中研究并拯救珍奇魔法动物，有一部分更被收集进了他那个看似普通无奇却暗藏玄机，并作为全球珍稀和濒危神奇动物的保护栖息地的魔法手提皮箱。对魔法一无所知的灭魔组织成员雅各布（丹·福勒 饰）意外将斯卡曼德藏在皮箱的奇兽释放到气氛紧张的纽约城中，严重违反了国际巫师联合会保密法。前正气师蒂娜（凯瑟琳·沃特森 饰）插手事件，意图恢复职位。可是事情的进展并不顺利，美国魔法政府机构美利坚魔法国会高深莫测的魔法安全部部长格雷夫斯（柯林·法瑞尔 饰）更将矛头指向斯卡曼德和蒂娜。现在身处同一阵线的斯卡曼德和蒂娜，与蒂娜的妹妹一名法术高超的摄念师奎妮（艾莉森·苏朵儿 饰）及灭魔组织成员雅各布携手，在那些走失的奇兽作恶前找回它们。但事件远比他们想像中更加凶险，被卷入黑暗力量的他们，将魔法世界和灭魔组织引向了开战边缘......,"冒险,奇幻,家庭"
海洋奇缘,在2000年前的南太平洋小岛上，那里居住着一个爱好航海的波里尼西亚人部落，部落酋长有一个独生女叫摩瓦娜·瓦里基（奥伊伊·卡瓦略 饰），在祖母的鼓励下她一心想去探索临近的岛屿，但她的父亲不许。于是摩瓦娜就在祖母死后，偷偷划船溜出岛，去寻找传说中的岛屿。她有两位同行的伙伴，一个是公鸡Hei（艾伦·图代克 饰），一个是猪Pua。摩瓦娜一行在一座小岛上搁浅了，这时一座图腾雕像Maui（道恩·强森 饰）活了，他是南太平洋岛国神话里的超级英雄，可以变成鸟儿，身上刻着很多可以活过来的纹身，还有一个法宝是魔法鱼钩。接下来摩阿娜就和他一起前往开放的海洋、克服各种凶险，以完成祖先在一千年前未尽的航程。,"动画,动作,冒险"
白云桥,事起源于浙江余姚有1300多年历史的著名古建筑白云桥，此桥经常出现一半晴空一半云雾的灵异现象，相传是连接阴阳两界的桥梁，人在桥上可与鬼魂进行交流。孟妍（钟萱 饰）于午夜子时，在白云桥上遇见了一个小男孩（李卓霖 饰），小男孩引领她进入了另一个空间——“中阴界”。小男孩告诉孟妍一个惊天的秘密， 事关她与张青（温兆伦 饰）的夫妻关系和性命安危。孟妍将信将疑又陷入痛苦和焦虑，小男孩的预言一一应验，孟妍陷入崩溃的边缘，唯有到那阴森神秘的白云桥去寻找答案……,"恐怖,惊悚,悬疑"
冲天火,宗天保（吴彦祖 饰）任职护卫员的科学园大火，他舍身救了女研究员高玉（张静初 饰）。但研究所潘教授在大火中不幸辞世，潘教授的手写笔记在大火中消失。大火引发了灰尘风暴，令整个香港被雾霾卷盖。财阀王耀才投资的“天空一号”，让富人得以远离污染，而己故潘教授的助理唐永章（樊光耀 饰）变成他的合作伙伴，唐的发妻高玉继续在天空一号上钻研“超能干细胞”的“再生学”工作，完成潘教授的遗愿。从台湾来的家家（张孝全 饰）带着癌症末期的妹妹小珍（郭采洁 饰）来香港求医，怎料两兄妹因此卷入一场“超能力干细胞”的劫案中，而偷走这新科研血清的主脑，竟是已故潘教授的独生子潘子文（张若昀 饰），在争夺血清的过程中，子文逐渐发现了令父亲潘教授死亡的真正凶手……,"动作,悬疑"
最萌身高差,生活在二次元世界、身高156厘米的夏汐泠（王水林 饰）在遇到身高196厘米的三次元男生张潇（高以翔 饰）后，就一直祸事不断。无意中二人还因为“最萌身高差”大闹校园，夏汐泠认定张潇是渣男，但张潇却对她颇有兴趣，当他试图走近夏汐泠的内心时，却发现里面有一个不可碰触的禁区，为了走进这个禁区，张潇为夏汐泠创造了一个2.5次元的世界……,"喜剧,爱情"
怨灵地下室,民国年间，国家动荡，民生不安，在中国东北某地有一间地下福利院，专门收养鳏寡孤独废疾者。一天夜里，邓家夫人突发癔病，江湖游医刘少彦（倪新宇 饰）等四人来到邓家为其夫人医病，不料邓夫人却离奇死亡，刘少彦四人被官兵带走，为了证明清白与赎回兄弟，刘少彦带人乔装打扮前往邓夫人临死前呓语说到的福利院找寻线索，不料却发现名义上的福利院实则暗藏了很多秘密，阴森诡异的地下室、警觉的护士、神秘的院长、午夜疯吼的女子，一系列难以解释的灵异事件开始接连发生，而邓夫人的死亡真相与福利院的关系也逐渐浮出水面。,"恐怖,惊悚,悬疑"
少年梦,杨帅大学毕业后回到老家发展创业，带动父老乡亲发展创业，实现乡亲们的梦想，实现发展梦、创业梦、中国梦。,剧情
夜闯寡妇村,京城某医学院即将毕业的叶小妍（郭艳 饰）、陈亦凡（沈昌龙 饰）等六名大学生准备去某风景区旅行。山路崎岖，天黑雾大，车竟然闯进了山中禁地。发动机失灵，几人只得徒步前进。叶小妍一行人惊奇的发现这里只有女人而无男人，而村民们躲躲闪闪的语气和冷漠的拒绝更是令人匪夷所思。这个远近闻名的“寡妇村”到底隐藏着什么秘密，旅游者是重见天日还是永久的掩埋于村中，谁才是幕后真正的凶手呢？,"惊悚,悬疑,情色"
塔洛,影片的主角是一个单纯善良的牧羊人塔洛，他一心想为人民服务，但随着他来到城市并遇见心爱的姑娘，残酷的现实将他单纯的理想一一打破。,剧情
武林探秘,武林探秘纪录片通过展现中华武术的博大精深，搜寻散落在世界各地的中国传统武术神奇的瑰宝。告知世人武术是中国乃世界的巨大财富，更是中国传统的集成，在中华武术之中折射出古老东方的哲学智慧，更体现出中华民族魂魄的精神。,"武侠,纪录片"
京城81号2,影片讲述京城古宅中尘封百年的“婴灵还魂”故事，将重现民国时期民间流传的“公鸡招魂”等奇观。,
夏威夷之恋,《夏威夷之恋》讲述了年轻的实习医生莉莉（陈妍希 饰）车祸醒来后发现自己过起了完全陌生的生活，不仅嫁给了自己的上司麦奇医生（姜成镐 饰），两人还有一个五岁的儿子，而她对这一切居然毫无印象。更糟糕的是，莉莉身边的所有人都否认她脑海里反复出现的男朋友尼尔（杰克逊·拉斯波恩 饰）的存在。最终，莉莉无法忍受自己对生活、记忆、以及对爱情信念的怀疑，毅然决定找出真相。,"爱情,惊悚,悬疑"
极速之巅,"凯西·斯登（尼古拉斯·霍尔特 饰）是从美国来的背包客,在美国时曾多次偷车,为躲避牢狱之灾逃到德国后，参与格伦（本·金斯利 饰）的毒品交易。有一天，他遇到了一生挚爱朱丽叶·玛尔（菲丽希缇·琼斯 饰）。朱丽叶患有严重的肾病,昂贵的手术费让凯西决定最后一次为老板赴险涉毒，不料老板心中另有算盘，要利用他展开对另一位大毒枭哈根·卡尔（安东尼·霍普金斯 饰）的复仇计划……爱情、生命、毒品、仇恨、谎言，这一切驱使着男主人公在世界闻名的不限速高速公路“Autobahn”上撞碎豪车冲破骗局，以接近死亡的舍命狂飙换取心爱之人的重生。","动作,惊悚"
越囧,40岁的未婚男人潘帕斯（马德钟 饰）想找到一个满意的老婆，于是请了濒临破产的婚介所老板赵小样（王大治 饰）做婚姻顾问，带着一个会半桶水越南语的女汉子白小白（刘力扬 饰）做翻译，前往越南追求大牌女明星阮氏芳（庆媚 饰)，三个不靠谱的人去完成一个看似不可能的任务，中间发生了一系列啼笑皆非的故事。,"喜剧,爱情"
超级快递,本片讲述了超级快递员马力（陈赫 饰）在一次派件途中，偶然卷入一起神像争夺事件，并受到一神秘性感女郎协迫，共同对付国际大盗，在这一夺取神像的过程中，事件却突然变得朴朔迷离。,
间谍同盟,故事基于真实事件改编，围绕上世纪40年代一名特工Max Vatan(布拉德·皮特 饰)与一个法国抵抗阵线女战士Marianne Beausejour(玛丽昂·歌迪亚 饰)展开。,"爱情,悬疑,战争"
捉迷藏之生人勿近,影片讲述了女大学生苏菲刚大学毕业未婚先孕，男友却不敢承担责任，于是她就赌气来到一个郊区别墅打临时工，照顾小男孩辉辉。辉辉父母出远门了，留他一个人在家。辉辉性格孤僻，很喜欢玩捉迷藏。苏菲就和辉辉一起玩捉迷藏游戏来交流，慢慢地，苏菲发现，参加这个游戏的，不仅仅是他们两个人……,惊悚
你的名字。,影片讲述了一名少年和一名少女在梦中相遇邂逅的奇幻爱情故事。在千年一遇的彗星造访地球的一个月前，身居日本深山小镇的少女宫水三叶（上白石萌音 配音）每天都过着忧郁烦燥的生活，而正处于青春叛逆期的她对大都市的憧憬向往与日俱增。然而不久，三叶做了一个变成男孩子的梦，眼前的这里有着陌生的房间、朋友和她梦寐以求的宽敞街道。三叶虽然感到迷茫困惑，但能够尽情享受朝思暮想的都市生活的她觉得神清气爽。与此同时，远在他乡的东京少年立花泷（神木隆之介 配音）也有一个奇怪的梦境，睁开睡眼的他发现变成一名不知名姓女孩的自己身处一个从未去过的深山小镇。两人惊醒时发现各自回到了自己的身体，但每逢两人入睡或半梦半醒之际，他们就会交换对调身份。一头雾水的三叶决定循着线索找寻立花泷，而立花泷也试着跟三叶沟通，冥冥之中互换身份的两人不约而同地竭尽所能设法找寻对方，而彼此间的了解也因此渐渐加深，虽未曾相见却早已似曾相识的两人暗生情愫，一段青春季节的奇妙物语随之展开。跨越时空梦境的阻隔，终在现实世界邂逅的两人上演了一幕青涩浪漫的奇遇暖心之恋。岂料一场突如其来的意外将两人的一切美好定格在梦醒之际……,"剧情,动画,奇幻"
名侦探柯南：纯黑的恶梦,影片以瞄准机密资料的间谍侵入日本警察机构为导火索，讲述了日本公安、美国联邦调查局、黑暗组织及柯南等人围绕背叛与宿命而展开的巅峰对决。某个漆黑的夜晚，一名间谍悄然潜入日本警方机构，试图窃取这里藏有的一份记载了多国谍报机构绝密数据的文件，就在关键时刻，隶属于警视厅警备局的警官安室透（古谷彻 配音）带领公安及时赶到。几番交手过后，间谍驾车逃亡，安室透等人则紧追不舍，期间连FBI探员赤井秀一（池田秀一 配音）也加入追捕行列。敌我双方在车流熙攘的高速公路上展开了一场绝命追击，夜幕下的东京陷入了前所未有的混乱之中。千钧一发之际，赤井秀一打爆了对方汽车的轮胎，逃亡者连同汽车跌落悬崖。第二天，柯南（高山南 配音）和伙伴们来到东都水族馆观光游览。在特色项目超大型摩天轮下方，他们与一名受伤的神秘女子奥德爱（天海佑希 配音）相遇。特别的是，她的左右眼眸颜色非比寻常，是传说的“阴阳异色瞳”，而此时正处于失忆状态的她，身上的手机也因破损而无法使用。柯南一行人答应帮助她重拾记忆，与此同时藏在暗处的黑暗组织成员贝尔摩德（小山茉美 配音）冷冷地注视着这一切。在相处过程中，女子非凡的身手和奇怪的言行举止让灰原哀（林原惠美 配音）对其真实身份产生怀疑。刚刚还沉浸在一派祥和的水族馆的快乐氛围中的人们，根本未曾料想随着这名神秘女子技能的恢复，都将被卷入一场黑暗组织策动的杀戮魔爪之中……,"动画,悬疑"
骆驼客2：箭在弦,二尕子被官府悬赏通缉，刀客揭下通缉令，追杀二尕子，逃亡之路，善良、清纯的柳叶姑娘执意跟随，途中刀客紧追。荒芜人烟的沙漠，却恰遇骆驼客队长，临终相托，将一木匣子交予通缉自己的官府，诚信与逃亡，爱情与宿命，木匣之中藏着怎样的秘密，苍凉的沙漠中，弯弓饮羽，充满雄性之力的二尕子，柔弱的柳叶姑娘，素有真情，佳期如梦。他（她）们，握紧手中的弓箭，箭已在弦，恶战一触即发，真相如驼铃声由远及近…,"剧情,悬疑,冒险"
佩小姐的奇幻城堡,6岁的雅各布（阿沙·巴特菲尔德 饰），从小他的爷爷就跟他讲了很多关于这家孤儿院的故事，这里有可以把火苗握在手中的女孩，也有双脚从不沾地的女孩，还有一对无需动嘴说话就能心心相通的双胞胎。他们住在这里是为了躲避一个可怕的怪兽。爷爷去世后，雅各布整理遗物时意外发现了一封佩瑞格林小姐（伊娃·格林 饰）给爷爷的来信，顺藤摸瓜他找到了威尔士海岸边上的一个小岛，这里就是当年爷爷和其他孤儿生活过的地方。不过现在这里已经破败不堪，也看不到曾经的孤儿的身影，不过随着雅各布的调查越来越深入，他发现当年那些孤儿还活着，爷爷所说的怪物也真实存在。,"冒险,奇幻"
食人岛,某日，中国东海最深处显现出了一个与世隔绝的美丽小岛。渐渐地开始有好奇者登岛，凯迪的好姐妹也在半个月前随着“驴友”决定探险。一周之前，一个看似寻常却又诡异的微信邀请将凯迪、青云、Rocky、米娅、波仔聚在一起，在船老大的带领下来到风景宜人的东临岛。五人一行看似顺风顺水，却不知危险已悄然降临。空无一人的海岛、太阳西升东落、茂密的爬行绿藤、滴着粘液堆着白骨的“山洞”、冒着仙气却能蚀骨的碧潭以及波仔的离奇死去，一切现象令人匪夷所思。“神秘人”的突然出现及忠告把他们彻底推向了近乎疯狂的恐惧之中，但众人已陷入一个无法退出的“死亡岛屿”。这个岛究竟从何而来，“神秘人”究竟是谁？凯迪和青云又是否能安全离开，随着真相的层层推进一切都令人更加毛骨悚然·····,"恐怖,惊悚,科幻"
红小鬼齐步走,王俊凯、李小虎等一群十多岁的孩子刚踏上若尔盖的土地就惊呆了，这里的草原像天空一样广阔，牦牛群像流云一样壮观，正感叹来到了天堂，随行的带队指导员陈老师提醒他们，这次大家参加《重走长征路红色之旅特训营》。,剧情
28岁未成年,讲述了一段逃离现实又审视内心的奇妙之旅。28岁凉夏（倪妮 饰）与恋爱10年的男友猫粮（霍建华 饰）在结婚问题上产生矛盾，崩溃时误食魔法巧克力，心智“重返17岁”。一个身体两个灵魂，手足无措之际又遇到两段感情的抉择。故事描写了“不一样的穿越”，用成熟的身体和一颗少女心来重新感受这个世界。终于发现真正让自己苦恼的不是逼婚未遂的男友，而是叫“自己”的对手。灵魂的穿越，自我的碰撞，一段逃离现实又审视内心的奇妙之旅就此展开。,"喜剧,爱情,奇幻"
热土悲歌,故事发生在1930年代。面对日本侵略者，燕赵儿女们不畏强暴，奋起反抗，用血肉之躯和民族之魂谱写了一曲慷慨激昂的抗日壮歌。 北方某小村的平静生活被入侵的日军打破了，驻扎在附近的日军经常成群结队出去抢掠粮食、欺辱百姓，可谓无恶不作。 冬天的一个傍晚，大春（章宇饰）去井台挑水，遇到放牧归来的狗蛋（胡世群饰），狗蛋提醒大春鬼子已经抢掠到附近村子，很快就会来到这里，要多加提防。血气方刚的大春怒骂鬼子，誓要以死相拼。大春挑水回来，正好未婚妻秀儿（卢倩文饰）来给母亲送药，二人商量起即将举行的婚礼。 这时，几个日军荷枪实弹直奔村里而来。 他们如饿狼般扑到村民长生（姜毅饰）家门口，长生媳妇（王琦饰）吓得越过墙躲进邻居马家牛棚。日军追进马家，从牛肚下将长生媳妇拉出来。马三弟兄俩持刀从屋里冲出劝阻，却被日军用枪逼着绑到了树上。日军将长生媳妇拖进屋内凌辱，然后大摇大摆地扬长而去。 大春闻讯赶来，听闻后怒不可遏，随后追去，悄悄跟在了日军后面。一日军醉步不稳，渐渐落在后面。 大春趁机冲上前去，猛然抱住日军，将其摔倒在地，挥拳猛击，日军拼命挣扎，两个人翻滚搏斗在一处…… 日军拼命挣脱开，跳起来，砍了大春胳膊一刺刀，大春弯腰捡起石头，日军见势不妙，转身逃走了。 回到家里，秀儿帮大春包扎伤口，这时从长生家那里传来哭声。 原来长生媳妇不堪凌辱，含恨自杀，长生默默磨刀，等待复仇机会到来。 众村民聚在村长安叔（邹德江饰）家商讨对策，群情激昂。 大春怒骂日军，号召大家起来反抗，给日军点颜色看看。安叔虽然也满腔激愤，但考虑到日军毕竟手中有枪，所以还是劝大家冷静，不宜硬拼。 最后大家决定把粮食和牲畜都藏起来，女人扮丑，男人警戒，日军来了，大家要到外面集中坐在一起，女人坐中间，男人围在外面负责保护。 迫于形势，大春和秀儿两家都同意让二人早日完婚，好互相有个照应。 隶属于八路军129师的某游击支队派人来找安叔，请求帮忙筹措军粮，村民们热情响应，很多人甚至把准备的年货都捐献出来。不料，又有几个日军来到村里，以孩子生命相威胁，抢掠走了这批粮食。 一次次的抢掠，一次次的受侮辱，激起了村民的极大义愤，个个发誓：要打死几个日军，报仇雪恨。 大春和秀儿悄悄举行了婚礼，怕引来日军，不但没放鞭炮，就连喜字也没贴。 次日下午，2个日军小头目骑马来到村里，一个向学校走去，一个就到街上找花姑娘。妇女们闻讯，有的藏在缸内，有的藏在炕洞内，有的藏在旱井内……。 找花姑娘的日军从东找到西没找到目标，但仍不死心，转身继续沿街寻找，这时长生从院里走出来，说自己知道哪里有花姑娘，就这样长生将日军引到了村外的土沟。 秀儿见长生领着日军朝土沟走去，赶紧跑去通知了大春，大春立刻喊上一帮青壮村民，赶去帮助长生。 长生和日军搏杀在一起，这时大春带人赶到，众人对日军的野蛮行为早已怒不可遏，一拥而上将日军当场打死。随后又派秀儿将另一日军引来并打死掩埋。 为防日军报复，安叔派狗蛋连夜前去找游击支队求援。 次日凌晨，为了寻找2个失踪的日军，几十名日军严密封锁住了整个村庄，只许进，不许出，挨门挨户搜查，不论男女老少，一律集中在杂货铺前的空场上。 狗蛋顺利找到游击支队。 游击支队获悉情况后决定迅速驰援并派人通知师部，请求支援。 日军轮番逼问和毒打群众，许多人被打得头破血流，但没有一个人说出杀死日军的真相。日军队长威胁开枪屠杀，这时大春挺身而出，将日军引向村外，村民们趁机外逃，但仍有部分村民不舍背井离乡。 日军扑空，恼羞成怒，押着大春返回，发现原集中起来的群众都趁机逃走或散去，顿时变得像疯狗一样，他们挨门挨户搜查，不论男女老少，一律逼迫前往村外的土沟。 到了那里，人们发现2个被打死的日军尸体已被扒出。 日军强迫群众面向2具死尸下跪。 大春带头不跪，其他群众也都摩拳擦掌，准备以死相拼。 日军小队长下令开枪。 枪声响起，大春安然无恙，而日军小队长则头部中弹，倒地毙命。 原来是八路军和游击支队及时赶到，向日军发起了猛烈攻击。 大春振臂高呼，带领群众们亦前赴后继奋勇杀敌，军民联手，很快便全歼了日寇。 大春、长生等人加入了革命队伍，继续抗日，保家卫国。,"剧情,战争"
三少爷的剑,“剑气纵横三万里，一剑光寒十九洲”，神剑山庄三少爷谢晓峰（林更新 饰）惊才绝艳，几年来历经上千大战未尝一败，被天下人尊为“剑神”。传奇剑客燕十三（何润东 饰）一直以谢晓峰为目标，苦修剑道，终于在生死边缘悟出惊天地泣鬼神的“绝命十三剑”。一时之间，江湖沸腾，然而，就在燕十三赶到神剑山庄下战书的时候，迎接他的，却是三少爷谢晓峰的灵柩。燕十三因痛失对手大感失望，此时神秘女子慕容秋荻（江一燕 饰）出现并告知燕十三，谢晓峰并没有死，要想找到他决战，燕十三就必须要替她杀一个人……,"剧情,动作,武侠"
恐怖理发店,深山中坐落着一家理发兼住宿的小旅馆，一位不速之客打破了小店原有的平静，惊魂事件时有发生，水龙头里莫名流出红色的血迹，白衣女鬼时隐时现，陌生男子神出鬼没。旅店老板女儿小满（殷果儿 饰）带着朋友回家探亲，没想到手持厉剪的女鬼更加放肆，危险时时逼近，几个人陷入恐慌束手无策，当大家捋清头绪以为抓到真凶时，故事又发生惊天逆转，邪恶怨灵步步逼近，让他们走到了独自寻求谜底的孤独绝境，而等待他们的却是一个出乎所有人意料的结局。,"恐怖,惊悚,悬疑"
东宫皇子,该片讲述了遥远的外星球上的一个皇子在逆臣叛乱中，为了保护自己的星球，来到地球，寻找能够帮助自己的战队平叛战乱，保卫家园的故事。浩瀚宇宙中，在一颗小行星上正发生着一场政变，冥王哈里斯在“东宫皇子”册封大典上叛乱。危急时刻，“东宫皇子”被护送出该小行星……不久之后，来到地球上的龙宇在一场噩梦中醒来。他那“东宫皇子”的身份被冥王哈里斯所察觉，随即派出得力手下H2和O2前往追拿。而龙宇的“父母”也有所警觉，联系亲信大臣“忠”寻求对策。最后决定由“忠”派出阿勇前往保护龙宇。几天后，H2和O2寻到龙宇的踪迹，当即出手展开抓捕行动。此时，阿勇在千钧一发之际赶到，解救下了龙宇一帮人。自此，龙宇和他的朋友、以及与自己星球的忠臣们一起，以不屈的英雄气概，携手与冥王手下展开了一次又一次的战斗……,"剧情,动作,科幻"
血战钢锯岭,影片改编自二战上等兵军医戴斯蒙德·道斯的真实经历。在1942年的太平洋战场，主人公军医戴斯蒙德·道斯（安德鲁.加菲尔德  饰）不愿意在前线举枪射杀任何一个人，他成为一名军医，因自己的和平理想遭受着其他战士们的排挤。尽管如此，医戴斯蒙德·道斯在冲绳战役中曾救下75名战士，这让他成为一个传奇......,"剧情,战争"
锅是铁,愣头青农村青年郭世铁表面愣头，内心善良。父母在县城开了一个小餐馆，郭世铁觉得自己不应该守着小餐馆，决定与发小罗世宏闯一闯。罗世宏从小爱好文艺，以演出跑场子为生，屡遭观众喝倒彩。二人偶遇到一位病发倒地的刘老汉，将老人送到医院并支付了医疗费，刘老汉女儿误将郭世铁、罗世宏名字听成了陕西方言俚语“锅是铁”、“锣是铜”。两人遭到了老人女儿误会…数日后，康复的刘老汉与女儿数次寻找“锅是铁”与“锣是铜”还钱未果，一系列啼笑皆非的故事展开。,"剧情,喜剧"
爱你的人,刚上大一的女孩杜鹃回家路上遭遇强暴，更多悲催离奇事件接踵而至……命悬一线的女大学生，在生死未卜的90天里，怎样挺过与“致青春”不一样的青春期？再看“滚蛋吧！艾滋君”,"剧情,爱情"
那年夏天你去了哪里,影片讲述了少女阿樱被绑架12年之后重返家庭的悬疑故事。被绑架12年的少女突然归家，到底是福还是祸？一天午后，袁氏家族的女主人突然接到了警方的电话，被绑架撕票的小女儿阿樱竟然还活着……12年前，6岁女孩阿樱（颜卓灵 饰）和年幼的姐姐宁静（宋佳 饰）争吵后，在洛杉矶的家中意外失踪。报警后不久，更传来阿樱被撕票的噩耗，袁家也决意离开伤心之地，举家搬回香港。阿樱失踪带来的伤痛和自责渐渐被时间抚平，一家人的生活逐渐归于平淡。12年后，阿樱的意外获救，让一家人惊喜的同时，也让这家人的生活再起波澜。纯真的外壳下，阿樱早已不是当年那个天真无邪的小女孩。归家的她竟与当年绑匪合谋安排了一个天衣无缝的计划，意图拿回本该属于她的一切。因失踪妹妹阿樱回归袁家，身边人随之接二连三意外遇害而被打破原本平静生活的心理医生宁静和她的男朋友负责该案件的邓督察（林家栋 饰）渐渐对阿樱的身份产生了怀疑，一场两姊妹间正邪对决拉开帷幕……,"爱情,悬疑,犯罪"
呆呆计划,郁郁不得志的赌场洗码仔梅大志（陈小春 饰）因妻子安静（邓家佳 饰）和萍水相逢的蜜月夫妇郝东东（汪东城 饰）和菓菓（张小觉 饰）欠下了巨额赌债，又因为安静的姐姐安宁（徐欧仪 饰）和她的学生仔仔，卷入了一块价值连城的宝物龙凤镜的生死争夺中。与此同时，香港黑道富商白楚雄（吴启华 饰）、黑老大十三幺、济州岛韩国黑帮、好赌欠债的业余杀手车基范（李凡秀 饰）也加入到命运的漩涡中，众人开始了一场围绕龙凤镜，充满荒诞色彩的夺宝大战。深陷其中的众人将如何破局而出……环环深入，结局已经不能用出乎意料来形容！,"喜剧,犯罪,剧情"
萨利机长,影片根据2009年美利坚航空公司1549号航班机长切斯利·舒伦伯格的真实英雄事迹改编。讲述了萨利机长在发动机失效的情况下，成功迫降拯救155名乘客和机组人员的故事。2009年1月15日，前美国空军飞行员切斯利·萨伦伯格（汤姆·汉克斯 饰）执飞全美航空1549号航班，从纽约飞往北卡罗来纳州。这架空中客车A320-214飞机起飞爬升过程中遭加拿大黑雁撞击，导致两具引擎同时熄火，飞机完全失去动力。切斯利·萨伦伯格确认无法到达任何附近机场后，决定于哈德逊河河面进行迫降，最后155名乘客和机组人员全部生还，萨利机长成为最大的英雄。但之后的调查显示他做出了错误的抉择，认为飞机大可选择返回拉瓜地亚机场，飞机内到底发生了什么呢？,"剧情,传记,灾难"
反黑行动组,影片讲述了职业警察布伦为侦破黑帮黄金盗窃案反而致使同伴牺牲，并陷入盗匪连环设计的层层陷阱之中的故事。赛尔吉·布伦（让·雷诺 饰）带领的反黑组追踪不法分子的方式和手段非同寻常，从不按常理出牌的他们会将罪犯倒吊在楼顶审讯，他们也敢拿手枪追捕拿机枪的匪徒。一次，与布伦宿怨已久的黑帮大佬卡斯帕（雅各布·克德格恩 饰）谋划了一系列精密的黄金抢劫案，布伦根据线索和准确的侦查能力很快锁定了凶手并将其抓获，但凶手最终却被警署新上任的上司贝克（蒂埃里·钮维 饰）以证据不足为理由而释放。而在劫匪再次犯案中，上司贝克因个人因素执意把他带领的反黑编队隔离出来，不让他们继续追踪抢劫案。贝克自行带队缉匪，不料却中了劫匪的调虎离山计。布伦知道匪徒的阴谋后，独自带队行动，与犯人激烈火拼。结果与布伦有私情的女组员玛歌（卡特琳娜·莫里诺 饰）意外身亡，而其他组员也伤亡惨重。新任上司贝克正是玛歌的丈夫，知晓两人私情的他下令解散布伦的反黑组并将其关押。在莫大的打击下，跌落至人生谷底的布伦活下去的唯一动力只有复仇……,"动作,悬疑,冒险"
试睡员48小时,李朝伟（李天烨 饰）是一名自由自在的，可以在各地五星级酒店吃住行的试睡员，测试完最后一家酒店，他就可以拥有“五星”试睡员资质，没想到的是，从天而降到自己床上的女孩，使他无端被卷入“艳照门”，对一个试睡员来说，这是一个很大的“污点”。李朝伟原以为这只是酒店要挟改评级的一种卑劣手段，没有想到更大的阴谋却在后面……,剧情
罗曼蒂克消亡史,他一直拖到一九四九年五月初才坐上去香港的轮船，算得上真正的末班车。没有人知道他在拖什么或等待什么，我想他自己也未必知道，不过是下意识的拖延。不久他就死在香港，死前再没有值得记述的事件或说过的话，他基本没再说话，这没什么可奇怪的，一切都不值一提，他终于走向自己的沉默。上世纪30年代的上海，叱咤风云的帮派大佬，不甘寂寞的交际花，说着地道上海话的日本妹夫，只收交通费的杀手，被冷落却忠诚的姨太太，外表光鲜的电影皇后，深宅大院里深不可测的管家，偶尔偷腥的电影皇帝，荷尔蒙满溢大脑的帮派小弟，一心想要破处的处男，善良的妓女，随波逐流的明星丈夫，投靠日本人的帮派二哥，日理万机却抽空恋爱的戴先生。战争之下，繁华落尽。帮派大佬逃亡香港，交际花不知所踪，日本妹夫死在上海，电影皇后被丈夫抛弃，处男遇上妓女，姨太太杀死二哥。战争惨烈，战争终于结束。他轻易选择沉默，因为伤口无法弥合。罗曼蒂克消亡史。被浪费的时光。,"剧情,动作,传记"
凄灵室,该片讲述了一段发生在别墅中跌宕起伏的故事，张一山由贱帅卧底化身为爱疯狂的酷帅“侦探”，为寻女友陷入一场扑朔迷离的“凄灵迷局”中。,"惊悚,悬疑"
爱上试睡师,讲述了患有多年“失眠症”的试睡员罗潇潇（唐婧 饰）因工作关系入住一家酒店，与冷漠、不得志的酒店集团公子相识，在针锋相对的过程中，两人渐渐相知相爱，同时，罗潇潇发现，“睡不着”的人不止她一个……一幕幕引人发笑又引人深思的故事正在这个五星级酒店陆续上演。,"喜剧,爱情"
先锋之那时青春,电影《先锋之那时青春》以1964年贵州省领导去北京请毛主席题写“遵义会议会址”时毛主席忆起遵义会议之后因情报不准确导致土城战役失利从而组建红军情报先遣队的故事展开，主要讲述红军先遣小分队克服重重困难，与敌人斗智斗勇并最终以微弱之力为红军取得宝贵情报和时间，从而赢得娄山关大捷，逆转了红军长征中处处被动局面的震撼故事。,剧情
有迹可循,北漂青年周海（董博睿 饰）与小棠（雅玫 饰）青梅竹马，两人一路打拼。周海职场得意将迎娶小棠，小棠却神秘失踪。一晃三年，同一条路、同一间旅馆，周海每年都来寻找，他坚信小棠活着。和以往不同，这一次线索接连出现，周海抽丝剥茧，一个又一个谜团被解，沿着蛛丝马迹揪出了幕后人物：职场对手David（王程 饰）或者杀人狂老三（颜玮良 饰）。小棠被困地下室的视频随之曝光，然而距离真相越近，周海越发觉得自己正落入一个又一个无限死循环的圈套之中……,"爱情,悬疑"
长城,欧洲雇佣兵威廉（马特·达蒙  饰）在被囚禁长城期间，发现了这一世间最大奇迹之一背后的惊人秘密。当一波又一波可怕的掠食生物将这座巨型城墙重重围困之时，威廉加入了一支由中国精英勇士们组成的大军，共同对抗凶兽的故事。,"剧情,冒险,奇幻"
我在故宫修文物,影片用一种年轻的视角望进古老故宫深处，通过文物修复的历史源流、“庙堂”与“江湖”的互动，近距离展示了稀世珍宝的“复活”技术、文物修复师的日常生活与修身哲学。文物修复技艺的薪火相传，人与物的相互陶冶、丰润与传承，呈现“文物医生”和他们的“文物复活术”的故事。,纪录片
咸鱼传奇,咸鱼式的小人物罗恒（王宁 饰）跨越千年，历经十五种职业身份，经历七样不同人生滋味，只为实现梦想的搞逗故事。从乞丐、皇帝、太监、到保险员、传销、哭丧人、八路军、日本兵、上海黑帮等，七种人生滋味，遭遇痛苦、诋毁、惊悚、欺骗、背叛以及温暖和爱.....,
流金,孤儿院长大的凤凰立志向当年杀害自己母亲的凶手复仇，线索是一块价值连城的狗头金，凤凰训练了三个情色间谍打开金库偷走了狗头金。并放出风来让主人高价买回。金主人是地下黑金大亨龙爷，信佛教，发誓不伤害女人，龙爷出重金找到江湖骗术师“火柴”希望不用暴力拿回狗头金。事与愿违，争斗中火柴与凤凰彼此感情升华，成为爱侣，龙爷是杀害凤凰母亲的凶手也是凤凰的亲生父亲，火柴死了；助手女孩死了，龙爷自杀也死了，凤凰落寞的离开龙爷别墅，解散了凤凰社，把狗头金捐给了博物馆后，悄然离去。,"剧情,动作,爱情"
功夫四侠,讲述了在一个遥远的神佑之地，风格迥异的四位侠客联手抵制邪恶力量，开启了神秘奇幻之旅的青少年热血故事。在一个神佑之地，一个被邪恶侵蚀的国王企图抢夺人鱼族生命之泉获得永生，危难之时独行侠阿凯、穿山侠裤衩、弹簧侠长脚、熊猫侠老白联手开启神秘的生命之泉拯救之旅。,"喜剧,动画,奇幻"
少年巴比伦,上个世纪90年代的戴城，路小路（董子健饰）在一家糖精厂上班，他是个愣头青，不知道未来和生活目标在哪里。跟着一个叫“牛魔王”（尚铁龙饰）的师傅混，没学会半点技术。在钳工班，除了拧螺丝之外什么都不会。在电工班，也只会换灯泡。除此之外，他还喜欢迟到、打架、翻工厂的院墙，也结识了一帮兄弟们。直到某天，路小路遇见了一个叫白蓝（李梦饰）的厂医，他的人生由此发生了改变……,
牡丹仙子之皇帝昭曰,讲述的是一个关于“天下第一牡丹”的故事。一朝皇诏下，违天逆人伦。与牡丹结缘的少女瑞玉（袁菲 饰），守护花期，不肯违背天意，让牡丹花一夜开花，被武则天流放洛阳。流放途中无意得到武承嗣谋反证据，而被武三（郭丰周 饰）追杀。途径古县时，遇到瘟疫肆虐，民不聊生。瑞玉劝说押送官兵能稍作停留，为百姓治病。同时，狄仁杰得知证据去向，派出侍卫唐大成（黄榛 饰）暗中保护瑞玉（袁菲 饰），贫瘠的县城将掀起一场腥风血雨。,"爱情,奇幻"
少年,电影讲述的是一个经历残酷青春的少年为爱复仇不惜付出生命的故事。成长于福利学校的少年苏昂（欧豪 饰）与女孩林巧（郭姝彤 饰）相依为命，彼此取暖，然而受尽欺凌与屈辱。当少年一路野蛮成长，蜕变成为电脑天才，坏人也并未变老，于是苏昂开始编织自己的复仇计划。一具被发现的白骨引起小镇的轰动，刑侦队长张建宇（张译 饰）接手此案，展开调查。在案件的艰难推进中，一个个身份各异的人也被卷入此案：稀里糊涂的酒鬼，一心想发横财的屠夫申哥（周一围 饰），风流倜傥的音乐家李志民（郭晓冬 饰），性感的脑科医生韩云（余男 饰）......当迷局浮出水面，谁是真正的罪人？,"动作,悬疑,犯罪"
冰雪女皇之冬日魔咒,从冰雪女王那儿被解救出来的奥姆生活在小镇上，他厌倦了繁重的工作，谎言心魔再一次缠上了他。不久公主被北风绑架，国王宣布谁能够解救出公主，就可以迎娶她。为此，奥姆再次踏上漫长的征程，不过这一次，他将面临更严酷的考验...,
五女闹京城,五个性格各异的女孩组成了一个史上最有爱的无敌“铁蜜”队。兰依依的怂男老公因欠巨额债务莫名失踪，四个姐妹为帮助兰依依寻夫偿债，经历了一系列令人啼笑皆非的乌龙事件。她们一行五人上演着京城古惑仔式“兄弟”情义。,"喜剧,爱情"
生门,中南医院妇产科，形形色色的故事上演从没有停过，5万块钱能救一大两小三条人命，手里只有5千元的丈夫，借钱、贷款、抵押房产此时都行不通，“拯救小凤之女”变得不可能完成；李家福——“拆弹部队”首领，面对夏锦菊保住子宫的请求，露出艰难而犹豫的眼神。心脏两次停跳，换血2万毫升，相当于全身换血4次，他如何剪断“炸弹”上的红蓝线，她又能否在“鬼门关”前转身？命悬一线之际，“生死时速”让人目不转睛。年轻妈妈李双双腹中的胎儿，引产似乎已被当地优生科判定，李家福团队却提出实施刨宫产，抢救微弱的性命。救，可能倾家荡产，一生背负沉重的负担；不救，可自己的骨肉，如何走上内心的审判厅。年轻的爸爸该如何踏上这段产房的“釜山行”。,纪录片
摆渡人,每座城市都有属于自己的传奇，这座城市的传奇就是“摆渡人”。据说，他们能消除世间痛苦。酒吧老板陈末（梁朝伟 饰）和合伙人管春（金城武 饰），平时看起来吊儿郎当，但其实是“金牌摆渡人”，空手接白刃，人肉千斤顶，只要你“预约”，就“无所不能”。邻居女孩小玉（杨颖 饰）为了偶像马力（陈奕迅 饰），预约了他们的服务，但在帮助小玉挑战整个城市的过程中，陈末和管春也逐渐发现了自己躲不过的问题。从欢天喜地的生活，到惊天动地的疯狂，摆渡人最辉煌的篇章，从这里开启。,"喜剧,爱情"
铁道飞虎,1941年太平洋战争爆发以后，穿过山东境内的津浦铁路成为日军在中国大陆最重要的战略交通线之一。在津浦铁路枣庄段周边，活跃着一支民间抗日游击队，这支游击队主要由枣庄火车站的几名铁路工人组成，队长叫马原，是火车站的搬运工工头。他们白天在日本人占领并管理的火车站干活，晚上出来秘密活动，利用对铁路线的熟悉以及扒火车、开火车的特殊技能，以一支小小的游击队跟大批装备精良的日本正规军周旋较量，造成了非常大的影响，当地老百姓给这支队伍起了一个响亮的名头，叫铁道飞虎队。,"喜剧,动作,战争"
我的朋友圈,本片是国内第一部反映微信朋友圈百态、网红现象，倡导“世界无手机日” 拒做“低头族”的正能量喜剧电影。故事极接地气，讲述的都是发生在当下社会的一些热点趣事。剧中塑造了两种完全不同价值观的人物典型，李诚，忠厚老实诚实守信为了亲情爱情愿意放弃一切，余华，急功近利虚荣浮躁为了名利可以不择手段。两人是发小，1997年的夏天，一大汉用大哥大砸伤了李诚的脑袋致其昏迷失忆了近二十年，李诚康复后已是信息高度发达的今天，对微信朋友圈、微信红包等一无所知，与当今社会格格不入闹出了不少笑话。在余华的建议下两人开了一家“华诚网红策划公司”，网红公司开业不久故事就发生了惊人的巧合，当年用大哥大打伤李诚的那个大汉成了公司的大客户，想花100万把女儿捧成网红，而曾经偷过李诚和余华手机的两个小偷却离奇的成为了公司的员工，立志要转型干“朋友圈诈骗”，好戏就这样上演了……被骗的大汉暴怒给余华李诚发出了“最后通牒”，绝境中思想单纯为人朴实的李诚发动朋友圈的好友成功举办了“朋友圈年度盛典”，不仅兑现了大汉的“最后通牒”还意外的成为了超人气网红，同时还倡导推生了“世界无手机日”，各地纷纷响应拒做“低头族”……<br/>,喜剧
飞天窑女,发生在龙泉大窑的哥窑与弟窑的故事，通过南宋初年龙泉窑师章生一与汝州窑主女儿李飞天的一段凄美的爱情故事，及与南宋开国皇帝赵构的感情纠葛，表现了章生一与窑女李飞天忠贞不渝的爱情，展示了龙泉青瓷传统。,剧情
纯洁心灵·逐梦演艺圈,本片讲述了一群年轻人敢于追逐梦想的励志故事。海亚影视学院表演系2011级本科班学生形象、艺术条件均格外突出，被誉为“准明星班”，班主任文天阳年青英俊，刚刚留校，满腔热情。班里共有17名学生，8男9女，家庭背景、成长经历、性格各异，但他们有着同样的演艺梦想，然而影视圈各色人马纷繁复杂，都市中的诱惑也是林林总总，社会、人生的酸甜苦辣、大是大非一应俱全地摆在了这些少男少女和仍显稚嫩的文老师面前，何去何从，孰是孰非，青春这趟旅程，必须勇往直前，每个人都必须做出自己的选择……,
你好，疯子,七个互不认识的正常人莫名奇妙被关进了疯人院，为了逃出这堵高墙这七个人费尽了心思：能把“死人说活”的话唠律师马睿（王自健 饰）、出口成章但性格懦弱的历史老师萧乃恩（金士杰 饰）、“混不吝”的记者李正（周一围 饰）、一心只想回家见女儿的兽医韩沐山（刘亮佐 饰）、脾气暴躁的出租司机杨猛（李虹辰 饰）、貌美圆滑的公关莉莉（莫小棋 饰），外加一个失忆了的奇怪女人安希（万茜 饰）。这七个人想方设法证明自己不是疯子，为了逃出疯人院做出了一系列令人捧腹大笑的荒唐事，然而这一切都被疯人院里监控摄像记录下来……,"喜剧,悬疑"
失心者,艾青（菅纫姿 饰）和伟文（连凯 饰）在外人眼中是一对恩爱的夫妻，伟文事业有成，为照顾独居婆婆洪母（张瑞珈 饰）而双双回到家乡。婆婆求子心切，夫妻二人遵从旧习“引子”而领养了福利院的小女孩心心（王翊菲 饰）。心心来到家中之后发生了一系列诡异事件，让这个原本平静一家逐渐支离破碎，陷入崩溃。在心心的班主任黄灵（汤怡 饰）和她男友摄影记者蓝斌（刘挺 饰）的不断探寻之下，心心的身世之谜浮出水面，更深的阴谋也在逐渐逼近他们……,"剧情,惊悚,悬疑"
一路逆风,围绕邓紫棋出道10年，讲述了一个深受90后观众欢迎的年轻音乐人，如何在网络时代从一鸣惊人到走向巅峰，再从低谷的绝望到一路逆风飞扬。片中大曝猛料，不仅首次回应2014年与湖南卫视《我是歌手》的争议性话题，面对“被黑”经历潸然泪下；更有直面镜头袒露情伤，回忆上一段感情让人惋惜。,
求生者,影片讲述了几位“80后”年轻人，为释放工作、生活上的压力，来到小兴安岭“度假”，但却意外地遭受了暴风雪的袭击，被困在森林中危在旦夕。最终在当地林业局和公安人员的联合救援下，终于重回自己的生活。这一突发事件，也在另外一个角度上影响了这群年轻人的价值观，和对生命意义更深层次的探索。,"剧情,冒险,灾难"
甜水谣,地处毛乌沙漠的一个叫苦水濠的小村庄。功成名就的商人刘春生回到阔别已久的家乡。此行他即是为了还愿，为养育他的这片土地和世世代代啜饮苦水的乡亲们打一口甜水井。同时也是为了凭吊年轻时一段逝去的爱情。,"剧情,爱情"
冒牌卧底,讲述了小导游韦宝宝（潘粤明 饰）因为一个误会而被卷入黑帮斗争，被逼无奈假冒消失已久的线人，成为警方卧底、双面间谍。他凭借自己“忍者无敌”的信条和一张能说会道的嘴一次次化险为夷，最终事情的真相却出乎他的意料……,"喜剧,犯罪"
难忘金银滩,技术精英潘国强（王一 饰）与新娘蓝梅（翟佳 饰）洞房之夜不辞而别，他同魏建（稽波 饰）等其他顶尖理工达人被神秘组织暗送到在中国版图上没有标记的边境。潜伏执行一项代号为“596”的国家级核军工项目。边境壮美又凶险，反派特工隐秘地策反渗透甚至武力打击。潘国强等突破了一个个难关却意外遭遇情感迷局。一次考察中邂逅藏族美少女卓玛（濡雪 饰），性格豪爽泼辣的她有着令人难以抗拒的吸引力，而此时妻子蓝梅几经周转来到另一基站，但他们不知道这两处只一墙之隔。一场凄美震撼的战地绝恋上演，研发危局也在决战之际。,"剧情,爱情,战争"
我的女神女汉子,离家出走的外地妹，在一天内所有的倒霉事都发生在她身上，被盗，失业，男友出轨，被老板索赔100万人民币，小白领背负着100万的债务行走上海滩，又在无家可归时遭遇熟盗抢劫，更是巧遇色老板潜规则，幸好男闺蜜肝胆相照，不料却在最狼狈的时候遇到了初恋，无言面对，从而产生了一系列悲喜交加趣味横生的故事，亲情，友情，爱情，梦想，只有经历过才懂得珍惜。,"剧情,喜剧,爱情"
大山里的春天,孙阔支教期间，学校转来一个新生——伟卫，这个男孩很让孙阔揪心，起初他不愿意和大家接触，很孤僻，但在孙阔和钟老师细心照料下，他愿意参加大家的合唱训练，并且成为合唱队的主力。但令人意外的是，合唱比赛当天，伟卫突然失踪，孙阔和钟老师发了疯似的找他，终于在他父母曾经住过的地方找到了他，并解开了他孤僻原因的心结。虽然合唱比赛大家没能参加，但大家收获了和睦和友爱，孙阔也和孩子们产生了深厚的感情。最后学校组织全校学生一起举行合唱表演，请来乡镇老师和学生家长观看表演，为大家的音乐课画上圆满的句号。与此同时，孙阔和这个破旧的学校、乡村女教师以及这些可爱的孩子也结下了不解之缘。,剧情
情圣,好友突然离世，令生活安稳的肖瀚（肖央 饰）开始唏嘘人生苦短。柳下惠自居的他，因为偶然邂逅性感美女模特yoyo（克拉拉 饰），重新找回了心跳的感觉，遂欲借工作之便亲近女神，再尝试一遍初恋的刺激。然而，肖瀚的几次示好，不是因伴侣沈红（代乐乐 饰）的警觉而作罢，就是因顶头上司马丽莲（闫妮 饰）的误会而被迫中断，各种阴差阳错笑料不断。洋相频出的肖瀚左右为难又心有不甘，只好求助于身边的好兄弟艾木（艾伦 饰）、汤怀（乔杉 饰）、刘磊（小沈阳 饰），以及“神助攻”同事常剑（常远 饰），几人结成“情圣五贱客”花式开撩。在他们的出谋划策之下，肖瀚经历了一些列令人啼笑皆非的惊险囧事……,"喜剧,爱情"
傻儿夫妻小神郎,一段千年的梦境让棒棒总公司经理吴坎和黄小仙喜结连理，然而，妻子黄小仙遭遇更年期，为了缓解心理压力竟以离婚结束这千年的命里姻缘。同时，富二代武达郎为追求吴坎的女儿吴小沫，竟以员工的身份进入了吴坎的公司，随后又被吴小沫揭穿。吴坎的婚姻陷入危机，武达郎的求爱也是屡屡碰壁，两人能否联手挽回各自心爱的女人。吴坎和黄小仙这对横亘千年的欢喜冤家能否再续前缘？,"喜剧,爱情"
人鱼校花,艾米和豆豆在游泳馆意外结识了随台风误入泳池的美人鱼Sunny。得知她必须在一周内找到真爱，否则将被迫出嫁。二人决定帮助她追求学校男神文少。过程中三人友情渐深，就在快要成功时，Sunny却决定离开。,"喜剧,爱情,奇幻"
掠夺者,当一家银行遭暴力抢劫后，所有证据都指向银行老板和他的高官客户。但随着FBI探员的深入调查和暴力抢劫案的继续，一场更大的阴谋渐渐浮现出来……,"动作,犯罪"
悟空圣诞奇遇记,圣诞临近，天宫的小仙女们都布置起圣诞配饰，过上西方节日。面子挂不住的玉帝授意下，悟空到人间驱逐圣诞老人，偶遇傻乎乎的驯鹿鲁道夫（替圣诞老人拉雪橇车的驯鹿）在城市中迷路，和收留鲁道夫的小女孩儿晶晶，废柴悟空和二货驯鹿一拍即合。因为一起暂住晶晶家。三人成为好朋友。悟空要驱逐圣诞老人，鲁道夫要回到主人身边，晶晶要向圣诞老人祈祷，希望在美国工作的爸爸每到圣诞节和春节都回家团聚。三人各自因不同目的一起出发寻找圣诞老人。旅途中，发生很多误会和趣事，三人脾气相投友谊渐深。也因为经历很多事情，令悟空逐渐意识到圣诞老人以及中西方的所有节日，所代表的符号其实是一种对亲情的期待。其实中国与外国的节日，含义是一样的。战神悟空逐渐转变认识，不知不觉身份转换，最后装扮成圣诞老人，解开晶晶的心结。并在最后，为保护孩子们的爱和期待，不惜与天界一战。,动画
爸爸的3次婚礼,影片讲述了一对年轻恋人从大学校园到步入社会历经铅华的现代爱情喜剧故事。顾史（张亮 饰）和钱小琼（董洁 饰）是一对郎才女貌的校园情侣，在大学校园相识的他们火速恋爱同居。然而世事难料，年纪尚轻的两人意外不断、误会频频，被命运捉弄的两人最终在一次“致命”误会后，因钱小琼远赴澳洲而就此别离……6年后，小琼有了儿子小天（张悦轩 饰），顾史有了女友，而当年这对无忧无虑而又亲密无间的恋人在闺蜜的婚礼上意外重逢。衣食无忧却唯独缺失父爱的小天对顾史产生了极大的好奇心，在人小鬼大的小天一路开启的“神助攻模式”下，上演了一场花样百出的爆笑追爱的这对昔日恋人又能否收获属于两个人共同的未来……,"喜剧,爱情,家庭"
